<?xml version="1.0" encoding="UTF-8" standalone="no" ?>
<SimscapeMultibodyImportXML version="2.0" xmlns="urn:mathworks:SimscapeMultibody:import" xmlns:xsi="http://www.w3.org/2001/XMLSchema-instance">
<Created by="" on="12/26/17||21:00:03" using="Simscape Multibody Link Version 5.0" from="SolidWorks 25.2.0"/>
<ModelUnits mass="kilogram" length="inch"/>
<DataUnits mass="kilogram" length="meter"/>
<RootAssembly name="Platform assem" uid="Platform assem" version="1245">
<AssemblyFile name="Platform assem.SLDASM" type="SolidWorks Assembly"/>
<InstanceTree>
<Instance name="bottom platform-1" uid="bottom platform-1" grounded="true" entityUid="bottom platform*:*Default">
<Transform>
<Rotation>1 0 0 0 1 0 0 0 1</Rotation>
<Translation>0 0 0</Translation>
</Transform>
</Instance>
<Instance name="Servo Motor-7" uid="Servo Motor-7" grounded="true" entityUid="Servo Motor*:*Varsayilan">
<Transform>
<Rotation>-0.0029893364087074711 0.99999553192393598 2.8265730645923306e-016 -0.99999553192393598 -0.0029893364087074711 -4.5709790409641067e-016 -4.5625090397082071e-016 -2.8402246293194703e-016 0.99999999999999989</Rotation>
<Translation>0.050694293398238686 0.035702507720353854 0.10243425371710388</Translation>
</Transform>
</Instance>
<Instance name="servo arm-4" uid="servo arm-4" entityUid="servo arm*:*Default">
<Transform>
<Rotation>-0.48777404243416034 -0.10989305495540369 0.86602540378444259 -0.2197861099108096 0.97554808486833378 3.1528599175838079e-016 -0.84484942410923813 -0.19034035458172063 -0.49999999999999345</Rotation>
<Translation>0.10041376638138133 0.045684444450324914 -0.11659676228230453</Translation>
</Transform>
</Instance>
<Instance name="servo arm-6" uid="servo arm-6" entityUid="servo arm*:*Default">
<Transform>
<Rotation>-0.4768247024098814 -0.15045997199166009 -0.86602540378443693 -0.30091994398331762 0.95364940481975702 -3.5822039778921066e-016 0.82588461087781839 0.2606043159949426 -0.50000000000000311</Rotation>
<Translation>-0.15118260264826039 0.045684540966000629 -0.02866255842692407</Translation>
</Transform>
</Instance>
<Instance name="upper platform-1" uid="upper platform-1" entityUid="upper platform*:*Default">
<Transform>
<Rotation>0.50081394145537605 -0.0043047473541393908 -0.86554425952353686 0.012154338251409477 0.99992401224658478 0.0020595616917297799 0.86546962286703122 -0.011551574910320514 0.50082820708451492</Rotation>
<Translation>-0.0043603645734905921 0.12217392035094654 0.0019838281025363743</Translation>
</Transform>
<VisualProperties>
<Ambient r="1" g="1" b="1" a="0.5"/>
<Diffuse r="1" g="1" b="1" a="0.5"/>
<Specular r="0.5" g="0.5" b="0.5" a="0.5"/>
<Emissive r="0" g="0" b="0" a="0.5"/>
<Shininess>0.20000000298023224</Shininess>
</VisualProperties>
</Instance>
<Instance name="servo mount-7" uid="servo mount-7" grounded="true" entityUid="servo mount*:*Default">
<Transform>
<Rotation>-1.0000000000000002 0 -4.988900806029679e-016 0 1 0 4.988900806029679e-016 0 -1.0000000000000002</Rotation>
<Translation>0.050799999999999984 0.0031749999999999999 0.10205364147220594</Translation>
</Transform>
</Instance>
<Instance name="Servo Motor-1" uid="Servo Motor-1" grounded="true" entityUid="Servo Motor*:*Varsayilan">
<Transform>
<Rotation>0 1 4.988900806029679e-016 -1 0 0 0 -4.988900806029679e-016 1</Rotation>
<Translation>-0.050831000000000008 0.035684459999999994 0.10243425371710388</Translation>
</Transform>
</Instance>
<Instance name="servo arm-3" uid="servo arm-3" entityUid="servo arm*:*Default">
<Transform>
<Rotation>0.49200730498352985 -0.089043875942345002 0.86602540378444326 -0.17808775188469173 -0.9840146099670759 -7.355227538145701e-016 0.85218164992652856 -0.1542285172350035 -0.49999999999999184</Rotation>
<Translation>0.15121358302202648 0.04568450136754755 -0.028608898845522354</Translation>
</Transform>
</Instance>
<Instance name="servo arm-5" uid="servo arm-5" entityUid="servo arm*:*Default">
<Transform>
<Rotation>0.49467866186826126 -0.072753154517378266 -0.86602540378443671 -0.14550630903475581 -0.98935732373651641 -1.1102230246211176e-016 -0.85680857577600633 0.12601216003500751 -0.50000000000000311</Rotation>
<Translation>-0.10038282373603161 0.045684501101640712 -0.11665035651616952</Translation>
</Transform>
</Instance>
<Instance name="servo arm-2" uid="servo arm-2" entityUid="servo arm*:*Default">
<Transform>
<Rotation>0.99773688287308082 -0.067239218873426973 -3.9780940057912622e-016 -0.067239218873426973 -0.99773688287308082 6.5763286917885109e-016 -4.411278317405025e-016 -6.293961756139405e-016 -1</Rotation>
<Translation>0.050724186762325769 0.045702463039593202 0.14843425371710389</Translation>
</Transform>
</Instance>
<Instance name="servo mount-1" uid="servo mount-1" grounded="true" entityUid="servo mount*:*Default">
<Transform>
<Rotation>-1.0000000000000002 0 -4.988900806029679e-016 0 1 0 4.988900806029679e-016 0 -1.0000000000000002</Rotation>
<Translation>-0.050800000000000019 0.0031749999999999999 0.10205364147220594</Translation>
</Transform>
</Instance>
<Instance name="servo arm-1" uid="servo arm-1" entityUid="servo arm*:*Default">
<Transform>
<Rotation>-0.97282879136118527 -0.23152568474952348 -4.9888945853716829e-016 -0.23152568474952348 0.97282879136118527 0 4.8533423980851177e-016 1.1550483760359222e-016 -1</Rotation>
<Translation>-0.050830999999999987 0.045684460000000003 0.14843425371710389</Translation>
</Transform>
</Instance>
<Instance name="uxcell SA5T ball joint housing-9" uid="uxcell SA5T ball joint housing-9" entityUid="uxcell SA5T ball joint housing*:*Default">
<Transform>
<Rotation>0.21451561408607459 0.26730375773648452 0.93943161135509423 -0.59076462821582065 0.80144955214118441 -0.09314381043160154 -0.77780473472607337 -0.53500216492332964 0.32983704789646168</Rotation>
<Translation>-0.1816190298028357 0.030397807811648105 0.0097048798056690692</Translation>
</Transform>
</Instance>
<Instance name="uxcell SA5T ball joint housing-8" uid="uxcell SA5T ball joint housing-8" entityUid="uxcell SA5T ball joint housing*:*Default">
<Transform>
<Rotation>-0.19665797345457239 0.37250797395460672 0.90695283825399342 -0.66489123831164376 -0.73049744327810895 0.15586252461882869 0.72058676277957656 -0.57237338748790534 0.39133543489245937</Rotation>
<Translation>-0.12501306214057084 0.12368793172188586 -0.096853283168254187</Translation>
</Transform>
</Instance>
<Instance name="uxcell SA5T ball joint housing-12" uid="uxcell SA5T ball joint housing-12" entityUid="uxcell SA5T ball joint housing*:*Default">
<Transform>
<Rotation>-0.79674729948801282 -0.60412648901394628 0.014997534138695548 0.60293549238343014 -0.79636129352775564 -0.047722973452523611 0.040774168083597108 -0.028980604591384601 0.99874801215051656</Rotation>
<Translation>-0.02962831603541918 0.1270175904280664 0.15582208639384787</Translation>
</Transform>
</Instance>
<Instance name="uxcell SA5T ball-10" uid="uxcell SA5T ball-10" entityUid="uxcell SA5T ball*:*Default">
<Transform>
<Rotation>-0.46225001898039014 -0.18846876485937533 0.8664897256315337 0.39274045723685191 -0.91960032390313917 0.0094961848460450027 0.79503449812068994 0.34469518266088855 0.49910457606433478</Rotation>
<Translation>-0.15037122052344246 0.1240872604569505 -0.052836873273868407</Translation>
</Transform>
</Instance>
<Instance name="uxcell SA5T ball-11" uid="uxcell SA5T ball-11" entityUid="uxcell SA5T ball*:*Default">
<Transform>
<Rotation>-0.70745639498550172 -0.70675699444301054 4.3715031594615539e-016 0.70675699444301054 -0.70745639498550172 -1.0807327255335508e-015 1.0755285551056204e-015 -4.40619762898109e-016 0.99999999999999978</Rotation>
<Translation>-0.10025070260114818 0.033922955214724215 0.15243425371710392</Translation>
</Transform>
</Instance>
<Instance name="uxcell SA5T ball-12" uid="uxcell SA5T ball-12" entityUid="uxcell SA5T ball*:*Default">
<Transform>
<Rotation>-0.99135632560643339 0.13119352794230965 0.00094546610799731406 -0.13117399565404925 -0.99129200924152827 0.011555746537774744 0.0024532721541642545 0.011331841860186126 0.99993278314884404</Rotation>
<Translation>-0.029628316035363766 0.12701759042807964 0.15582208639384765</Translation>
</Transform>
</Instance>
<Instance name="uxcell SA5T ball joint housing-10" uid="uxcell SA5T ball joint housing-10" entityUid="uxcell SA5T ball joint housing*:*Default">
<Transform>
<Rotation>-0.2145156140860745 -0.26730375773648446 0.93943161135509445 0.59076462821582065 -0.80144955214118441 -0.09314381043160154 0.77780473472607359 0.53500216492332975 0.32983704789646162</Rotation>
<Translation>-0.15037122052344071 0.12408726045695286 -0.052836873273867831</Translation>
</Transform>
</Instance>
<Instance name="uxcell SA5T ball joint housing-11" uid="uxcell SA5T ball joint housing-11" entityUid="uxcell SA5T ball joint housing*:*Default">
<Transform>
<Rotation>0.79674729948801315 0.60412648901394606 0.014997534138695593 -0.60293549238343014 0.79636129352775575 -0.047722973452523562 -0.040774168083597094 0.028980604591384598 0.99874801215051656</Rotation>
<Translation>-0.10025070260114918 0.033922955214671452 0.15243425371711503</Translation>
</Transform>
</Instance>
<Instance name="uxcell SA5T ball-8" uid="uxcell SA5T ball-8" entityUid="uxcell SA5T ball*:*Default">
<Transform>
<Rotation>-0.43801671429566374 -0.23945127557108567 0.86648972563153404 0.49405127045428798 -0.86938090882873298 0.0094961848460448448 0.75103575158585811 0.43224983746845558 0.49910457606433423</Rotation>
<Translation>-0.12501306214057264 0.1236879317218835 -0.096853283168254839</Translation>
</Transform>
</Instance>
<Instance name="platform rods-5" uid="platform rods-5" entityUid="platform rods*:*Default">
<Transform>
<Rotation>0.21451561408607547 0.26730375773648346 0.93943161135509445 -0.59076462821581754 0.80144955214118674 -0.093143810431601387 -0.77780473472607559 -0.53500216492332675 0.32983704789646145</Rotation>
<Translation>-0.17787677719452488 0.041618101541624493 0.0022148494967421796</Translation>
</Transform>
</Instance>
<Instance name="platform rods-6" uid="platform rods-6" entityUid="platform rods*:*Default">
<Transform>
<Rotation>0.79674729948801259 0.60412648901394628 0.014997534138695517 -0.60293549238343047 0.79636129352775542 -0.047722973452523673 -0.040774168083597136 0.02898060459138466 0.99874801215051645</Rotation>
<Translation>-0.091792931754953941 0.045072013324060023 0.15283998218139441</Translation>
</Transform>
</Instance>
<Instance name="uxcell SA5T ball-9" uid="uxcell SA5T ball-9" entityUid="uxcell SA5T ball*:*Default">
<Transform>
<Rotation>-0.37955928805029415 -0.32547618477432749 0.86602540378415105 0.65095236954949143 -0.75911857609855826 1.1294298829511717e-012 0.65741597138543595 0.56374128868377671 0.50000000000049827</Rotation>
<Translation>-0.18161902980287098 0.030397807811475937 0.0097048798055481521</Translation>
</Transform>
</Instance>
<Instance name="uxcell SA5T ball-1" uid="uxcell SA5T ball-1" entityUid="uxcell SA5T ball*:*Default">
<Transform>
<Rotation>-0.33736257195370178 -0.36903454451416007 -0.86602540378444437 0.7380690890283359 -0.67472514390741545 -1.0269562977782698e-015 -0.58432911519593644 -0.63918658084658186 0.49999999999999023</Rotation>
<Translation>0.18242128638734309 0.036637643571805378 0.011094428970745815</Translation>
</Transform>
</Instance>
<Instance name="uxcell SA5T ball joint housing-2" uid="uxcell SA5T ball joint housing-2" entityUid="uxcell SA5T ball joint housing*:*Default">
<Transform>
<Rotation>-0.22636660067581235 0.34988883362134932 -0.90903023393370641 -0.63754575779032474 -0.75879274206849145 -0.13330034248920949 -0.73640584518459529 0.54937362394937694 0.39483547521301887</Rotation>
<Translation>0.14151928173703249 0.12534051511946107 -0.053127347668852985</Translation>
</Transform>
</Instance>
<Instance name="platform rods-1" uid="platform rods-1" entityUid="platform rods*:*Default">
<Transform>
<Rotation>0.2263666006758113 -0.34988883362135009 -0.90903023393370641 0.63754575779032752 0.75879274206848901 -0.13330034248920919 0.73640584518459307 -0.54937362394937983 0.39483547521301898</Rotation>
<Translation>0.17752284271666938 0.047260741960613563 0.0034031982355381876</Translation>
</Transform>
</Instance>
<Instance name="uxcell SA5T ball joint housing-1" uid="uxcell SA5T ball joint housing-1" entityUid="uxcell SA5T ball joint housing*:*Default">
<Transform>
<Rotation>0.22636660067581238 -0.34988883362134882 -0.90903023393370641 0.63754575779032474 0.75879274206849134 -0.13330034248920886 0.73640584518459495 -0.54937362394937739 0.39483547521301854</Rotation>
<Translation>0.18242128638736829 0.036637643571654666 0.011094428970829465</Translation>
</Transform>
</Instance>
<Instance name="uxcell SA5T ball-2" uid="uxcell SA5T ball-2" entityUid="uxcell SA5T ball*:*Default">
<Transform>
<Rotation>-0.39284357787085755 -0.31065585159702847 -0.8655442595235372 0.6174818726122171 -0.78658241475445378 0.0020595616917299664 -0.68146170862414057 -0.53364880461552366 0.50082820708451459</Rotation>
<Translation>0.14151928173691983 0.12534051511952532 -0.053127347669001485</Translation>
</Transform>
</Instance>
<Instance name="platform rods-2" uid="platform rods-2" entityUid="platform rods*:*Default">
<Transform>
<Rotation>0.23333045857281096 0.29280886409844181 -0.92726472283139405 -0.63035838135909483 0.77163186201452871 0.085044579923317529 0.74040881150385041 0.56466559894274737 0.3646197378339307</Rotation>
<Translation>0.085947901395257639 0.045322156135058973 -0.15519729464185505</Translation>
</Transform>
</Instance>
<Instance name="uxcell SA5T ball-3" uid="uxcell SA5T ball-3" entityUid="uxcell SA5T ball*:*Default">
<Transform>
<Rotation>-0.34897238152440369 -0.35807579774843995 -0.86602540378444126 0.71615159549688145 -0.69794476304881847 3.7747582837255322e-015 -0.60443789523859037 -0.62020547466105747 0.49999999999999567</Rotation>
<Translation>0.081848577297878949 0.034519310066855165 -0.16310261302705412</Translation>
</Transform>
</Instance>
<Instance name="uxcell SA5T ball joint housing-3" uid="uxcell SA5T ball joint housing-3" entityUid="uxcell SA5T ball joint housing*:*Default">
<Transform>
<Rotation>0.23333045857280998 0.29280886409844226 -0.92726472283139416 -0.6303583813590975 0.77163186201452638 0.085044579923317112 0.74040881150384819 0.56466559894275015 0.3646197378339307</Rotation>
<Translation>0.081848577297879366 0.034519310066855796 -0.16310261302705378</Translation>
</Transform>
</Instance>
<Instance name="uxcell SA5T ball-5" uid="uxcell SA5T ball-5" entityUid="uxcell SA5T ball*:*Default">
<Transform>
<Rotation>-0.6778048896144464 -0.73524181846161885 8.5043083686286991e-013 0.73524181846161907 -0.67780488961444629 -2.26256513524703e-013 7.4276869377332133e-013 4.7187254104130716e-013 0.99999999999999989</Rotation>
<Translation>0.10140922041240788 0.042286710720788691 0.15243425371702721</Translation>
</Transform>
</Instance>
<Instance name="uxcell SA5T ball joint housing-4" uid="uxcell SA5T ball joint housing-4" entityUid="uxcell SA5T ball joint housing*:*Default">
<Transform>
<Rotation>-0.23333045857280904 -0.29280886409844281 -0.92726472283139416 0.63035838135909716 -0.77163186201452649 0.08504457992331825 -0.74040881150384852 -0.56466559894274992 0.36461973783393026</Rotation>
<Translation>0.11607793351098719 0.12472307473635418 -0.097093204510646555</Translation>
</Transform>
</Instance>
<Instance name="platform rods-3" uid="platform rods-3" entityUid="platform rods*:*Default">
<Transform>
<Rotation>0.72649932021087804 -0.68638177791992327 -0.032844979412644353 0.68337995093049209 0.72668084991752402 -0.070191060893701224 0.072045682725408275 0.028548157604828369 0.99699268918984529</Rotation>
<Translation>0.091799875521399357 0.052460242619668446 0.15283392792357145</Translation>
</Transform>
</Instance>
<Instance name="uxcell SA5T ball joint housing-5" uid="uxcell SA5T ball joint housing-5" entityUid="uxcell SA5T ball joint housing*:*Default">
<Transform>
<Rotation>0.72649932021087815 -0.68638177791992327 -0.03284497941264438 0.6833799509304922 0.72668084991752391 -0.070191060893701279 0.072045682725408289 0.028548157604828386 0.99699268918984529</Rotation>
<Translation>0.10140922041227829 0.042286710720823108 0.15243425371710387</Translation>
</Transform>
</Instance>
<Instance name="uxcell SA5T ball-4" uid="uxcell SA5T ball-4" entityUid="uxcell SA5T ball*:*Default">
<Transform>
<Rotation>-0.43711515850584787 -0.2444656888200446 -0.86554425952353742 0.48500806309692124 -0.87450725379302086 0.0020595616917299057 -0.75742822559987855 -0.41889567920083665 0.50082820708451459</Rotation>
<Translation>0.11607793351098671 0.12472307473635456 -0.09709320451064668</Translation>
</Transform>
</Instance>
<Instance name="uxcell SA5T ball-7" uid="uxcell SA5T ball-7" entityUid="uxcell SA5T ball*:*Default">
<Transform>
<Rotation>-0.3990157012297797 -0.30130793247458781 0.86602540378443638 0.60261586494917418 -0.7980314024595514 2.1371793224034263e-015 0.69111546754769249 0.52188064776951693 0.50000000000000355</Rotation>
<Translation>-0.081466879985277213 0.038292780602674797 -0.16376373216559076</Translation>
</Transform>
</Instance>
<Instance name="uxcell SA5T ball-6" uid="uxcell SA5T ball-6" entityUid="uxcell SA5T ball*:*Default">
<Transform>
<Rotation>-0.8196152158665051 -0.57291360955552517 0.00094546610799807907 0.57288456697246337 -0.81955459711158241 0.011555746537774754 -0.0058455833648422741 0.010012908634924496 0.99993278314884426</Rotation>
<Translation>0.021171190573439257 0.1272357020761834 0.15577153334110658</Translation>
</Transform>
</Instance>
<Instance name="uxcell SA5T ball joint housing-6" uid="uxcell SA5T ball joint housing-6" entityUid="uxcell SA5T ball joint housing*:*Default">
<Transform>
<Rotation>-0.72649932021087815 0.68638177791992339 -0.032844979412644734 -0.68337995093049209 -0.72668084991752402 -0.070191060893701002 -0.0720456827254084 -0.028548157604827949 0.99699268918984529</Rotation>
<Translation>0.021171190573438903 0.1272357020761814 0.15577153334110821</Translation>
</Transform>
</Instance>
<Instance name="platform rods-4" uid="platform rods-4" entityUid="platform rods*:*Default">
<Transform>
<Rotation>0.19665797345457109 -0.37250797395460655 0.90695283825399398 0.66489123831164654 0.73049744327810662 0.15586252461882777 -0.72058676277957423 0.57237338748790867 0.39133543489245887</Rotation>
<Translation>-0.086681991620641746 0.048519744808568632 -0.15575050474075997</Translation>
</Transform>
</Instance>
<Instance name="uxcell SA5T ball joint housing-7" uid="uxcell SA5T ball joint housing-7" entityUid="uxcell SA5T ball joint housing*:*Default">
<Transform>
<Rotation>0.19665797345457248 -0.37250797395460622 0.90695283825399364 0.66489123831164354 0.73049744327810917 0.15586252461882827 -0.72058676277957656 0.57237338748790556 0.39133543489245909</Rotation>
<Translation>-0.081466879985277255 0.038292780602675117 -0.16376373216559068</Translation>
</Transform>
</Instance>
<Instance name="Servo Motor-8" uid="Servo Motor-8" grounded="true" entityUid="Servo Motor*:*Varsayilan">
<Transform>
<Rotation>6.7470529132206986e-006 -0.49999999995448097 -0.86602540378443671 -0.9999999999089545 -1.3494105826441301e-005 0 -1.1686238447053743e-005 0.86602540370558889 -0.50000000000000355</Rotation>
<Translation>-0.11409499726066276 0.035684540966911087 -0.0072501752893083934</Translation>
</Transform>
</Instance>
<Instance name="servo mount-9" uid="servo mount-9" grounded="true" entityUid="servo mount*:*Default">
<Transform>
<Rotation>0.49999999999999251 0 -0.86602540378444326 0 1 0 0.86602540378444326 0 0.49999999999999251</Rotation>
<Translation>0.11378104606363956 0.0031749999999999999 -0.0070327302238524167</Translation>
</Transform>
</Instance>
<Instance name="servo mount-11" uid="servo mount-11" grounded="true" entityUid="servo mount*:*Default">
<Transform>
<Rotation>0.49999999999999251 0 -0.86602540378444326 0 1 0 0.86602540378444326 0 0.49999999999999251</Rotation>
<Translation>0.062981046063640383 0.0031749999999999999 -0.095020911248351853</Translation>
</Transform>
</Instance>
<Instance name="servo mount-8" uid="servo mount-8" grounded="true" entityUid="servo mount*:*Default">
<Transform>
<Rotation>0.50000000000000355 0 0.8660254037844366 0 1 0 -0.8660254037844366 0 0.50000000000000355</Rotation>
<Translation>-0.062981046063639051 0.0031749999999999999 -0.095020911248352768</Translation>
</Transform>
</Instance>
<Instance name="servo mount-10" uid="servo mount-10" grounded="true" entityUid="servo mount*:*Default">
<Transform>
<Rotation>0.50000000000000355 0 0.8660254037844366 0 1 0 -0.8660254037844366 0 0.50000000000000355</Rotation>
<Translation>-0.11378104606363947 0.0031749999999999999 -0.0070327302238540265</Translation>
</Transform>
</Instance>
<Instance name="Servo Motor-9" uid="Servo Motor-9" grounded="true" entityUid="Servo Motor*:*Varsayilan">
<Transform>
<Rotation>-1.7711655604112522e-006 -0.49999999999685579 0.86602540378444282 -0.99999999999372613 3.5423311215094311e-006 4.3317003533511353e-016 -3.0677487401497792e-006 -0.86602540377900927 -0.49999999999999278</Rotation>
<Translation>0.063326210752656958 0.035684444450387626 -0.095184292959792249</Translation>
</Transform>
</Instance>
<Instance name="Servo Motor-10" uid="Servo Motor-10" grounded="true" entityUid="Servo Motor*:*Varsayilan">
<Transform>
<Rotation>3.4252051600208382e-006 -0.49999999998827105 -0.86602540378443671 -0.99999999997653588 -6.8504103200416061e-006 0 -5.9326293635030974e-006 0.8660254037641163 -0.500000000000003</Rotation>
<Translation>-0.063295251566911501 0.035684501101875342 -0.095237915842463036</Translation>
</Transform>
</Instance>
<Instance name="Servo Motor-11" uid="Servo Motor-11" grounded="true" entityUid="Servo Motor*:*Varsayilan">
<Transform>
<Rotation>3.4525454570625343e-006 -0.49999999998807215 0.86602540378444304 -0.99999999997615996 -6.9050909141251805e-006 0 5.979984147073551e-006 -0.86602540376379689 -0.49999999999999223</Rotation>
<Translation>0.1141260796304123 0.035684501367785941 -0.0071963390456812049</Translation>
</Transform>
</Instance>
</InstanceTree>
<Constraints>
<Concentric name="Concentric8">
<ConstraintGeometry geomType="cylinder">
<InstancePath>
<Uid>Servo Motor-1</Uid>
</InstancePath>
<Position>-0.010000000000000009 0 0.046000000000000013</Position>
<Axis>0 0 -1</Axis>
</ConstraintGeometry>
<ConstraintGeometry geomType="cylinder">
<InstancePath>
<Uid>servo arm-1</Uid>
</InstancePath>
<Position>0 0 0.0031750000000000111</Position>
<Axis>0 0 -1</Axis>
</ConstraintGeometry>
</Concentric>
<Coincident name="Coincident13">
<ConstraintGeometry geomType="plane">
<InstancePath>
<Uid>Servo Motor-1</Uid>
</InstancePath>
<Position>-0.010000000000000009 0 0.046000000000000013</Position>
<Axis>0 0 1</Axis>
</ConstraintGeometry>
<ConstraintGeometry geomType="plane">
<InstancePath>
<Uid>servo arm-1</Uid>
</InstancePath>
<Position>0 0 0</Position>
<Axis>0 0 -1</Axis>
</ConstraintGeometry>
</Coincident>
<Concentric name="Concentric13">
<ConstraintGeometry geomType="cylinder">
<InstancePath>
<Uid>Servo Motor-7</Uid>
</InstancePath>
<Position>-0.010000000000000016 0 0.045999999999999999</Position>
<Axis>0 0 -0.99999999999999989</Axis>
</ConstraintGeometry>
<ConstraintGeometry geomType="cylinder">
<InstancePath>
<Uid>servo arm-2</Uid>
</InstancePath>
<Position>0 0 0.0031750000000000111</Position>
<Axis>0 0 -1</Axis>
</ConstraintGeometry>
</Concentric>
<Coincident name="Coincident12">
<ConstraintGeometry geomType="plane">
<InstancePath>
<Uid>Servo Motor-7</Uid>
</InstancePath>
<Position>-0.010000000000000016 0 0.045999999999999999</Position>
<Axis>0 0 0.99999999999999989</Axis>
</ConstraintGeometry>
<ConstraintGeometry geomType="plane">
<InstancePath>
<Uid>servo arm-2</Uid>
</InstancePath>
<Position>0 0 0</Position>
<Axis>0 0 -1</Axis>
</ConstraintGeometry>
</Coincident>
<Concentric name="Concentric14">
<ConstraintGeometry geomType="cylinder">
<InstancePath>
<Uid>Servo Motor-11</Uid>
</InstancePath>
<Position>-0.010000000000000009 0 0.045999999999999985</Position>
<Axis>0 0 -1</Axis>
</ConstraintGeometry>
<ConstraintGeometry geomType="cylinder">
<InstancePath>
<Uid>servo arm-3</Uid>
</InstancePath>
<Position>0 0 0.0031750000000000111</Position>
<Axis>0 0 -1</Axis>
</ConstraintGeometry>
</Concentric>
<Coincident name="Coincident14">
<ConstraintGeometry geomType="plane">
<InstancePath>
<Uid>Servo Motor-11</Uid>
</InstancePath>
<Position>-0.010000000000000009 0 0.045999999999999985</Position>
<Axis>0 0 1</Axis>
</ConstraintGeometry>
<ConstraintGeometry geomType="plane">
<InstancePath>
<Uid>servo arm-3</Uid>
</InstancePath>
<Position>0 0 0.0031750000000000111</Position>
<Axis>0 0 1</Axis>
</ConstraintGeometry>
</Coincident>
<Concentric name="Concentric15">
<ConstraintGeometry geomType="cylinder">
<InstancePath>
<Uid>Servo Motor-9</Uid>
</InstancePath>
<Position>-0.010000000000000009 0 0.045999999999999999</Position>
<Axis>0 0 -1</Axis>
</ConstraintGeometry>
<ConstraintGeometry geomType="cylinder">
<InstancePath>
<Uid>servo arm-4</Uid>
</InstancePath>
<Position>0 0 0.0031750000000000111</Position>
<Axis>0 0 -1</Axis>
</ConstraintGeometry>
</Concentric>
<Coincident name="Coincident15">
<ConstraintGeometry geomType="plane">
<InstancePath>
<Uid>Servo Motor-9</Uid>
</InstancePath>
<Position>-0.010000000000000009 0 0.045999999999999999</Position>
<Axis>0 0 1</Axis>
</ConstraintGeometry>
<ConstraintGeometry geomType="plane">
<InstancePath>
<Uid>servo arm-4</Uid>
</InstancePath>
<Position>0 0 0.0031750000000000111</Position>
<Axis>0 0 1</Axis>
</ConstraintGeometry>
</Coincident>
<Concentric name="Concentric16">
<ConstraintGeometry geomType="cylinder">
<InstancePath>
<Uid>Servo Motor-8</Uid>
</InstancePath>
<Position>-0.010000000000000002 0 0.046000000000000013</Position>
<Axis>0 -2.2204460492503131e-016 -1.0000000000000002</Axis>
</ConstraintGeometry>
<ConstraintGeometry geomType="cylinder">
<InstancePath>
<Uid>servo arm-6</Uid>
</InstancePath>
<Position>0 0 0.0031749999999999834</Position>
<Axis>1.1102230246251565e-016 0 -1</Axis>
</ConstraintGeometry>
</Concentric>
<Coincident name="Coincident16">
<ConstraintGeometry geomType="plane">
<InstancePath>
<Uid>Servo Motor-8</Uid>
</InstancePath>
<Position>-0.010000000000000002 0 0.046000000000000013</Position>
<Axis>0 2.2204460492503131e-016 1.0000000000000002</Axis>
</ConstraintGeometry>
<ConstraintGeometry geomType="plane">
<InstancePath>
<Uid>servo arm-6</Uid>
</InstancePath>
<Position>0 0 0.0031749999999999834</Position>
<Axis>-1.1102230246251565e-016 0 1</Axis>
</ConstraintGeometry>
</Coincident>
<Concentric name="Concentric17">
<ConstraintGeometry geomType="cylinder">
<InstancePath>
<Uid>Servo Motor-10</Uid>
</InstancePath>
<Position>-0.010000000000000009 0 0.045999999999999999</Position>
<Axis>0 0 -1</Axis>
</ConstraintGeometry>
<ConstraintGeometry geomType="cylinder">
<InstancePath>
<Uid>servo arm-5</Uid>
</InstancePath>
<Position>0 0 0.0031750000000000111</Position>
<Axis>0 0 -1</Axis>
</ConstraintGeometry>
</Concentric>
<Coincident name="Coincident17">
<ConstraintGeometry geomType="plane">
<InstancePath>
<Uid>Servo Motor-10</Uid>
</InstancePath>
<Position>-0.010000000000000009 0 0.045999999999999999</Position>
<Axis>0 0 1</Axis>
</ConstraintGeometry>
<ConstraintGeometry geomType="plane">
<InstancePath>
<Uid>servo arm-5</Uid>
</InstancePath>
<Position>0 0 0.0031750000000000111</Position>
<Axis>0 0 1</Axis>
</ConstraintGeometry>
</Coincident>
<Coincident name="Coincident7">
<ConstraintGeometry geomType="plane">
<InstancePath>
<Uid>platform rods-1</Uid>
</InstancePath>
<Position>0 0 0</Position>
<Axis>0 -1.0000000000000002 0</Axis>
</ConstraintGeometry>
<ConstraintGeometry geomType="circle">
<InstancePath>
<Uid>uxcell SA5T ball joint housing-1</Uid>
</InstancePath>
<Position>0 0.014000000000000012 0</Position>
<Axis>3.4972025275692431e-015 -1 0</Axis>
</ConstraintGeometry>
</Coincident>
<Coincident name="Coincident8">
<ConstraintGeometry geomType="plane">
<InstancePath>
<Uid>platform rods-1</Uid>
</InstancePath>
<Position>0 0 0</Position>
<Axis>0 0 1</Axis>
</ConstraintGeometry>
<ConstraintGeometry geomType="plane">
<InstancePath>
<Uid>uxcell SA5T ball joint housing-1</Uid>
</InstancePath>
<Position>0 0 0</Position>
<Axis>0 0 1</Axis>
</ConstraintGeometry>
</Coincident>
<Coincident name="Coincident9">
<ConstraintGeometry geomType="plane">
<InstancePath>
<Uid>platform rods-1</Uid>
</InstancePath>
<Position>0 0 0</Position>
<Axis>1 0 0</Axis>
</ConstraintGeometry>
<ConstraintGeometry geomType="plane">
<InstancePath>
<Uid>uxcell SA5T ball joint housing-1</Uid>
</InstancePath>
<Position>0 0 0</Position>
<Axis>1 0 0</Axis>
</ConstraintGeometry>
</Coincident>
<Coincident name="Coincident10">
<ConstraintGeometry geomType="plane">
<InstancePath>
<Uid>platform rods-1</Uid>
</InstancePath>
<Position>0 0 0</Position>
<Axis>0 0 1</Axis>
</ConstraintGeometry>
<ConstraintGeometry geomType="plane">
<InstancePath>
<Uid>uxcell SA5T ball joint housing-2</Uid>
</InstancePath>
<Position>0 0 0</Position>
<Axis>0 0 1</Axis>
</ConstraintGeometry>
</Coincident>
<Coincident name="Coincident11">
<ConstraintGeometry geomType="plane">
<InstancePath>
<Uid>platform rods-1</Uid>
</InstancePath>
<Position>0 0 0</Position>
<Axis>1 0 0</Axis>
</ConstraintGeometry>
<ConstraintGeometry geomType="plane">
<InstancePath>
<Uid>uxcell SA5T ball joint housing-2</Uid>
</InstancePath>
<Position>0 0 0</Position>
<Axis>1.0000000000000002 1.1102230246251565e-016 0</Axis>
</ConstraintGeometry>
</Coincident>
<Coincident name="Coincident650">
<ConstraintGeometry geomType="plane">
<InstancePath>
<Uid>platform rods-1</Uid>
</InstancePath>
<Position>0 0.088899999999999993 0</Position>
<Axis>0 1.0000000000000002 0</Axis>
</ConstraintGeometry>
<ConstraintGeometry geomType="circle">
<InstancePath>
<Uid>uxcell SA5T ball joint housing-2</Uid>
</InstancePath>
<Position>0 0.014000000000000012 0</Position>
<Axis>3.2751579226442118e-015 -1.0000000000000002 0</Axis>
</ConstraintGeometry>
</Coincident>
<Concentric name="Concentric1">
<ConstraintGeometry geomType="sphere">
<InstancePath>
<Uid>uxcell SA5T ball-1</Uid>
</InstancePath>
<Position>0 0 0</Position>
</ConstraintGeometry>
<ConstraintGeometry geomType="sphere">
<InstancePath>
<Uid>uxcell SA5T ball joint housing-1</Uid>
</InstancePath>
<Position>0 0 0</Position>
</ConstraintGeometry>
</Concentric>
<Angle name="LimitAngle1">
<ConstraintGeometry geomType="line">
<InstancePath>
<Uid>uxcell SA5T ball-1</Uid>
</InstancePath>
<Position>0 0 -0.004400000000000015</Position>
<Axis>0 0 1</Axis>
</ConstraintGeometry>
<ConstraintGeometry geomType="line">
<InstancePath>
<Uid>uxcell SA5T ball joint housing-1</Uid>
</InstancePath>
<Position>0 0 -0.0055522949487744055</Position>
<Axis>0 0 1</Axis>
</ConstraintGeometry>
</Angle>
<Concentric name="Concentric2">
<ConstraintGeometry geomType="sphere">
<InstancePath>
<Uid>uxcell SA5T ball joint housing-2</Uid>
</InstancePath>
<Position>0 0 0</Position>
</ConstraintGeometry>
<ConstraintGeometry geomType="sphere">
<InstancePath>
<Uid>uxcell SA5T ball-2</Uid>
</InstancePath>
<Position>0 0 0</Position>
</ConstraintGeometry>
</Concentric>
<Angle name="LimitAngle2">
<ConstraintGeometry geomType="line">
<InstancePath>
<Uid>uxcell SA5T ball-2</Uid>
</InstancePath>
<Position>0 0 -0.0043999999999999873</Position>
<Axis>0 0 1</Axis>
</ConstraintGeometry>
<ConstraintGeometry geomType="line">
<InstancePath>
<Uid>uxcell SA5T ball joint housing-2</Uid>
</InstancePath>
<Position>0 0 -0.0055522949487744055</Position>
<Axis>0 0 1</Axis>
</ConstraintGeometry>
</Angle>
<Coincident name="Coincident651">
<ConstraintGeometry geomType="plane">
<InstancePath>
<Uid>servo arm-3</Uid>
</InstancePath>
<Position>0 0 0.0031750000000000111</Position>
<Axis>0 0 1</Axis>
</ConstraintGeometry>
<ConstraintGeometry geomType="plane">
<InstancePath>
<Uid>uxcell SA5T ball-1</Uid>
</InstancePath>
<Position>0 0 0.0040000000000000313</Position>
<Axis>0 0 1</Axis>
</ConstraintGeometry>
</Coincident>
<Concentric name="Concentric30">
<ConstraintGeometry geomType="cylinder">
<InstancePath>
<Uid>servo arm-3</Uid>
</InstancePath>
<Position>0.050800000000000012 0 0.0031750000000000111</Position>
<Axis>0 0 -1</Axis>
</ConstraintGeometry>
<ConstraintGeometry geomType="cylinder">
<InstancePath>
<Uid>uxcell SA5T ball-1</Uid>
</InstancePath>
<Position>0 0 -0.0055049999999999821</Position>
<Axis>0 0 1</Axis>
</ConstraintGeometry>
</Concentric>
<Coincident name="Coincident652">
<ConstraintGeometry geomType="plane">
<InstancePath>
<Uid>upper platform-1</Uid>
</InstancePath>
<Position>0.03809999999999996 0.0063499999999999945 -0.14985999999999988</Position>
<Axis>0 0 -0.99999999999999978</Axis>
</ConstraintGeometry>
<ConstraintGeometry geomType="plane">
<InstancePath>
<Uid>uxcell SA5T ball-2</Uid>
</InstancePath>
<Position>0 0 0.0040000000000000036</Position>
<Axis>0 0 1</Axis>
</ConstraintGeometry>
</Coincident>
<Concentric name="Concentric31">
<ConstraintGeometry geomType="cylinder">
<InstancePath>
<Uid>upper platform-1</Uid>
</InstancePath>
<Position>0.025400000000001768 0.0031749999999999834 -0.1498599999999996</Position>
<Axis>0 0 -0.99999999999999978</Axis>
</ConstraintGeometry>
<ConstraintGeometry geomType="cylinder">
<InstancePath>
<Uid>uxcell SA5T ball-2</Uid>
</InstancePath>
<Position>0 0 -0.0055049999999999821</Position>
<Axis>0 0 1</Axis>
</ConstraintGeometry>
</Concentric>
<Coincident name="Coincident653">
<ConstraintGeometry geomType="plane">
<InstancePath>
<Uid>platform rods-2</Uid>
</InstancePath>
<Position>0 0 0</Position>
<Axis>1.6653345369377348e-016 -1 0</Axis>
</ConstraintGeometry>
<ConstraintGeometry geomType="circle">
<InstancePath>
<Uid>uxcell SA5T ball joint housing-3</Uid>
</InstancePath>
<Position>0 0.014000000000000005 0</Position>
<Axis>3.4416913763379853e-015 -1 0</Axis>
</ConstraintGeometry>
</Coincident>
<Coincident name="Coincident654">
<ConstraintGeometry geomType="plane">
<InstancePath>
<Uid>platform rods-2</Uid>
</InstancePath>
<Position>0 0 0</Position>
<Axis>-2.7755575615628914e-016 0 1.0000000000000002</Axis>
</ConstraintGeometry>
<ConstraintGeometry geomType="plane">
<InstancePath>
<Uid>uxcell SA5T ball joint housing-3</Uid>
</InstancePath>
<Position>0 0 0</Position>
<Axis>0 0 1</Axis>
</ConstraintGeometry>
</Coincident>
<Coincident name="Coincident655">
<ConstraintGeometry geomType="plane">
<InstancePath>
<Uid>platform rods-2</Uid>
</InstancePath>
<Position>0 0 0</Position>
<Axis>1 2.2204460492503131e-016 1.1102230246251565e-016</Axis>
</ConstraintGeometry>
<ConstraintGeometry geomType="plane">
<InstancePath>
<Uid>uxcell SA5T ball joint housing-3</Uid>
</InstancePath>
<Position>0 0 0</Position>
<Axis>1.0000000000000002 0 0</Axis>
</ConstraintGeometry>
</Coincident>
<Coincident name="Coincident656">
<ConstraintGeometry geomType="plane">
<InstancePath>
<Uid>platform rods-2</Uid>
</InstancePath>
<Position>0 0 0</Position>
<Axis>-2.7755575615628914e-016 0 1.0000000000000002</Axis>
</ConstraintGeometry>
<ConstraintGeometry geomType="plane">
<InstancePath>
<Uid>uxcell SA5T ball joint housing-4</Uid>
</InstancePath>
<Position>0 0 0</Position>
<Axis>0 0 1</Axis>
</ConstraintGeometry>
</Coincident>
<Coincident name="Coincident657">
<ConstraintGeometry geomType="plane">
<InstancePath>
<Uid>platform rods-2</Uid>
</InstancePath>
<Position>0 0 0</Position>
<Axis>1 2.2204460492503131e-016 1.1102230246251565e-016</Axis>
</ConstraintGeometry>
<ConstraintGeometry geomType="plane">
<InstancePath>
<Uid>uxcell SA5T ball joint housing-4</Uid>
</InstancePath>
<Position>0 0 0</Position>
<Axis>1 1.6653345369377348e-016 0</Axis>
</ConstraintGeometry>
</Coincident>
<Coincident name="Coincident658">
<ConstraintGeometry geomType="plane">
<InstancePath>
<Uid>platform rods-2</Uid>
</InstancePath>
<Position>0 0.088900000000000007 0</Position>
<Axis>-1.6653345369377348e-016 1 0</Axis>
</ConstraintGeometry>
<ConstraintGeometry geomType="circle">
<InstancePath>
<Uid>uxcell SA5T ball joint housing-4</Uid>
</InstancePath>
<Position>0 0.014000000000000005 0</Position>
<Axis>3.3861802251067274e-015 -1.0000000000000002 0</Axis>
</ConstraintGeometry>
</Coincident>
<Concentric name="Concentric32">
<ConstraintGeometry geomType="sphere">
<InstancePath>
<Uid>uxcell SA5T ball-3</Uid>
</InstancePath>
<Position>0 0 0</Position>
</ConstraintGeometry>
<ConstraintGeometry geomType="sphere">
<InstancePath>
<Uid>uxcell SA5T ball joint housing-3</Uid>
</InstancePath>
<Position>0 0 0</Position>
</ConstraintGeometry>
</Concentric>
<Angle name="LimitAngle3">
<ConstraintGeometry geomType="line">
<InstancePath>
<Uid>uxcell SA5T ball-3</Uid>
</InstancePath>
<Position>0 0 -0.004400000000000015</Position>
<Axis>-1.6653345369377348e-016 0 1</Axis>
</ConstraintGeometry>
<ConstraintGeometry geomType="line">
<InstancePath>
<Uid>uxcell SA5T ball joint housing-3</Uid>
</InstancePath>
<Position>0 0 -0.0055522949487744055</Position>
<Axis>0 0 1</Axis>
</ConstraintGeometry>
</Angle>
<Concentric name="Concentric33">
<ConstraintGeometry geomType="sphere">
<InstancePath>
<Uid>uxcell SA5T ball joint housing-4</Uid>
</InstancePath>
<Position>0 0 0</Position>
</ConstraintGeometry>
<ConstraintGeometry geomType="sphere">
<InstancePath>
<Uid>uxcell SA5T ball-4</Uid>
</InstancePath>
<Position>0 0 0</Position>
</ConstraintGeometry>
</Concentric>
<Angle name="LimitAngle4">
<ConstraintGeometry geomType="line">
<InstancePath>
<Uid>uxcell SA5T ball-4</Uid>
</InstancePath>
<Position>0 0 -0.0043999999999999873</Position>
<Axis>-1.1102230246251565e-016 0 1.0000000000000002</Axis>
</ConstraintGeometry>
<ConstraintGeometry geomType="line">
<InstancePath>
<Uid>uxcell SA5T ball joint housing-4</Uid>
</InstancePath>
<Position>0 0 -0.0055522949487744333</Position>
<Axis>0 0 1</Axis>
</ConstraintGeometry>
</Angle>
<Coincident name="Coincident659">
<ConstraintGeometry geomType="plane">
<InstancePath>
<Uid>servo arm-4</Uid>
</InstancePath>
<Position>0 0 0.0031750000000000111</Position>
<Axis>0 0 1</Axis>
</ConstraintGeometry>
<ConstraintGeometry geomType="plane">
<InstancePath>
<Uid>uxcell SA5T ball-3</Uid>
</InstancePath>
<Position>0 0 0.0040000000000000036</Position>
<Axis>-1.6653345369377348e-016 0 1</Axis>
</ConstraintGeometry>
</Coincident>
<Concentric name="Concentric34">
<ConstraintGeometry geomType="cylinder">
<InstancePath>
<Uid>servo arm-4</Uid>
</InstancePath>
<Position>0.050800000000000005 0 0.0031750000000000111</Position>
<Axis>0 0 -1</Axis>
</ConstraintGeometry>
<ConstraintGeometry geomType="cylinder">
<InstancePath>
<Uid>uxcell SA5T ball-3</Uid>
</InstancePath>
<Position>0 0 -0.0055050000000000099</Position>
<Axis>-1.6653345369377348e-016 0 1</Axis>
</ConstraintGeometry>
</Concentric>
<Coincident name="Coincident660">
<ConstraintGeometry geomType="plane">
<InstancePath>
<Uid>upper platform-1</Uid>
</InstancePath>
<Position>0.03809999999999996 0.0063499999999999945 -0.14985999999999988</Position>
<Axis>0 0 -0.99999999999999978</Axis>
</ConstraintGeometry>
<ConstraintGeometry geomType="plane">
<InstancePath>
<Uid>uxcell SA5T ball-4</Uid>
</InstancePath>
<Position>0 0 0.0040000000000000036</Position>
<Axis>-1.1102230246251565e-016 0 1.0000000000000002</Axis>
</ConstraintGeometry>
</Coincident>
<Concentric name="Concentric35">
<ConstraintGeometry geomType="cylinder">
<InstancePath>
<Uid>upper platform-1</Uid>
</InstancePath>
<Position>-0.025399999999998236 0.0031749999999999834 -0.14986000000000019</Position>
<Axis>0 0 -0.99999999999999978</Axis>
</ConstraintGeometry>
<ConstraintGeometry geomType="cylinder">
<InstancePath>
<Uid>uxcell SA5T ball-4</Uid>
</InstancePath>
<Position>0 0 -0.0055049999999999821</Position>
<Axis>-1.1102230246251565e-016 0 1.0000000000000002</Axis>
</ConstraintGeometry>
</Concentric>
<Coincident name="Coincident661">
<ConstraintGeometry geomType="plane">
<InstancePath>
<Uid>platform rods-3</Uid>
</InstancePath>
<Position>0 0 0</Position>
<Axis>-1.2620113287731272e-016 -1 0</Axis>
</ConstraintGeometry>
<ConstraintGeometry geomType="circle">
<InstancePath>
<Uid>uxcell SA5T ball joint housing-5</Uid>
</InstancePath>
<Position>0 0.014000000000000009 0</Position>
